  -1.4380028e+02
  -1.4374005e+02
  -1.4373889e+02
  -1.4371511e+02
  -1.4371645e+02
  -1.4368489e+02
  -1.4369563e+02
  -1.4367382e+02
  -1.4366389e+02
  -1.4367276e+02
  -1.4369817e+02
  -1.4367704e+02
  -1.4367921e+02
  -1.4365797e+02
  -1.4364728e+02
  -1.4363637e+02
  -1.4362157e+02
  -1.4362700e+02
  -1.4362967e+02
  -1.4364718e+02
  -1.4363513e+02
  -1.4362726e+02
  -1.4362228e+02
  -1.4365427e+02
  -1.4367289e+02
  -1.4366884e+02
  -1.4368324e+02
  -1.4366859e+02
  -1.4364173e+02
  -1.4363046e+02
  -1.4362781e+02
  -1.4360222e+02
  -1.4361404e+02
  -1.4361069e+02
  -1.4362407e+02
  -1.4361940e+02
  -1.4361908e+02
  -1.4362573e+02
  -1.4361732e+02
  -1.4359110e+02
  -1.4363767e+02
  -1.4361966e+02
  -1.4363722e+02
  -1.4360899e+02
  -1.4362211e+02
  -1.4362157e+02
  -1.4362316e+02
  -1.4364626e+02
  -1.4365937e+02
  -1.4367393e+02
  -1.4363746e+02
   3.9380234e+01
   5.2154906e+02
   1.1042978e+03
   1.7380305e+03
   2.3504390e+03
   2.8958299e+03
   3.3870815e+03
   3.8167560e+03
   4.1794778e+03
   4.4769520e+03
   4.7274844e+03
   4.9310882e+03
   5.1044016e+03
   5.2430585e+03
   5.3532732e+03
   5.4287379e+03
   5.4388235e+03
   5.4109794e+03
   5.3621736e+03
   5.2920811e+03
   5.1813825e+03
   5.0731797e+03
   4.9403403e+03
   4.8055382e+03
   4.6775101e+03
   4.5315858e+03
   4.3807583e+03
   4.2357751e+03
   4.0899217e+03
   3.9317788e+03
   3.8798053e+03
   3.9820291e+03
   4.1451291e+03
   4.3488149e+03
   4.5550209e+03
   4.7465000e+03
   4.9232165e+03
   5.0715214e+03
   5.2047456e+03
   5.3216877e+03
   5.4107409e+03
   5.4927547e+03
   5.5563403e+03
   5.6051477e+03
   5.6433803e+03
   5.6616710e+03
   5.6367639e+03
   5.5799486e+03
   5.5044429e+03
   5.4036305e+03
   5.3370440e+03
   5.3284315e+03
   5.3614698e+03
   5.3985194e+03
   5.4464939e+03
   5.4947076e+03
   5.5383855e+03
   5.5816178e+03
   5.6187191e+03
   5.6522026e+03
   5.6566563e+03
   5.6326419e+03
   5.5776019e+03
   5.5051042e+03
   5.3911292e+03
   5.2810241e+03
   5.1515486e+03
   5.0245116e+03
   4.8847425e+03
   4.7348315e+03
   4.5907284e+03
   4.4497542e+03
   4.2977691e+03
   4.1406033e+03
   3.9861283e+03
   3.9287794e+03
   4.0272946e+03
   4.1867132e+03
   4.3852041e+03
   4.5930058e+03
   4.7397514e+03
   4.8233752e+03
   4.8527665e+03
   4.8345331e+03
   4.7925359e+03
   4.7161263e+03
   4.6274007e+03
   4.5291320e+03
   4.4114258e+03
   4.2832506e+03
   4.2293800e+03
   4.3028874e+03
   4.4458765e+03
   4.6090453e+03
   4.7703857e+03
   4.9356344e+03
   5.0702078e+03
   5.1923896e+03
   5.2962544e+03
   5.3904438e+03
   5.4652413e+03
   5.4713467e+03
   5.4463255e+03
   5.3861201e+03
   5.2940707e+03
   5.2370995e+03
   5.2442522e+03
   5.2902240e+03
   5.3452859e+03
   5.4028055e+03
   5.4322713e+03
   5.4260573e+03
   5.3860186e+03
   5.3151533e+03
   5.2156691e+03
   5.1589614e+03
   5.1708146e+03
   5.2117058e+03
   5.2737161e+03
   5.3459994e+03
   5.3836130e+03
   5.3839121e+03
   5.3468270e+03
   5.2854661e+03
   5.1926626e+03
   5.0962115e+03
   4.9700552e+03
   4.8483222e+03
   4.7199574e+03
   4.5723821e+03
   4.4280491e+03
   4.2841120e+03
   4.1344004e+03
   3.9879621e+03
   3.8395040e+03
   3.7810647e+03
   3.8946183e+03
   4.0724794e+03
   4.2867086e+03
   4.5048725e+03
   4.6633438e+03
   4.7548313e+03
   4.7896438e+03
   4.7730725e+03
   4.7389878e+03
   4.6658906e+03
   4.5764488e+03
   4.4729529e+03
   4.3641337e+03
   4.2406981e+03
   4.1036953e+03
   3.9674710e+03
   3.8312988e+03
   3.6883659e+03
   3.5428718e+03
   3.3956989e+03
   3.2493878e+03
   3.0992732e+03
   2.9504546e+03
   2.7992744e+03
   2.7879213e+03
   2.9787514e+03
   3.2676281e+03
   3.5926258e+03
   3.9133887e+03
   4.1703935e+03
   4.3307321e+03
   4.4247942e+03
   4.4626999e+03
   4.4587455e+03
   4.4792228e+03
   4.5815457e+03
   4.7194154e+03
   4.8607509e+03
   5.0059498e+03
   5.1077886e+03
   5.1391156e+03
   5.1386032e+03
   5.0921042e+03
   5.0362683e+03
   4.9987197e+03
   5.0341234e+03
   5.1012320e+03
   5.1864041e+03
   5.2774682e+03
   5.3564421e+03
   5.4400881e+03
   5.5084277e+03
   5.5632010e+03
   5.6022446e+03
   5.6304947e+03
   5.6637615e+03
   5.7008866e+03
   5.7202449e+03
   5.7315607e+03
   5.7240662e+03
   5.6950025e+03
   5.6310777e+03
   5.5426604e+03
   5.4281528e+03
   5.3080370e+03
   5.1751164e+03
   5.0458803e+03
   4.9014167e+03
   4.7520177e+03
   4.6111377e+03
   4.4637369e+03
   4.3105214e+03
   4.1571168e+03
   3.9968439e+03
   3.8447977e+03
   3.6939985e+03
   3.5372637e+03
   3.3850582e+03
   3.2294326e+03
   3.2029132e+03
   3.3542817e+03
   3.5901192e+03
   3.8681874e+03
   4.1554351e+03
   4.3754590e+03
   4.5062025e+03
   4.5821195e+03
   4.5942019e+03
   4.5687356e+03
   4.5827642e+03
   4.6742419e+03
   4.7961597e+03
   4.9326799e+03
   5.0538226e+03
   5.1769319e+03
   5.2897422e+03
   5.3837640e+03
   5.4655592e+03
   5.5389740e+03
   5.5783993e+03
   5.5714384e+03
   5.5253667e+03
   5.4452933e+03
   5.3440848e+03
   5.2903411e+03
   5.2875917e+03
   5.3255576e+03
   5.3765874e+03
   5.4321551e+03
   5.4656113e+03
   5.4583139e+03
   5.4143249e+03
   5.3440495e+03
   5.2416922e+03
   5.1827386e+03
   5.1949669e+03
   5.2361772e+03
   5.2992905e+03
   5.3705985e+03
   5.4183037e+03
   5.4157256e+03
   5.3691860e+03
   5.2937129e+03
   5.2031433e+03
   5.1436556e+03
   5.1503650e+03
   5.2033232e+03
   5.2730526e+03
   5.3480074e+03
   5.4110659e+03
   5.4808046e+03
   5.5429634e+03
   5.5979735e+03
   5.6330053e+03
   5.6669487e+03
   5.6953501e+03
   5.7196586e+03
   5.7369298e+03
   5.7484948e+03
   5.7696507e+03
   5.7845332e+03
   5.7973741e+03
   5.8029194e+03
   5.8065247e+03
   5.8103593e+03
   5.8102986e+03
   5.8193616e+03
   5.8269313e+03
   5.8194491e+03
   5.8053679e+03
   5.7618488e+03
   5.6845792e+03
   5.5916360e+03
   5.4683870e+03
   5.3931491e+03
   5.3791919e+03
   5.4071818e+03
   5.4451222e+03
   5.4940561e+03
   5.5136629e+03
   5.4888585e+03
   5.4306572e+03
   5.3564056e+03
   5.2596063e+03
   5.1477527e+03
   5.0252780e+03
   4.8912681e+03
   4.7529556e+03
   4.6056221e+03
   4.4582897e+03
   4.3098547e+03
   4.1573490e+03
   4.0101145e+03
   3.8562902e+03
   3.7126610e+03
   3.5489941e+03
   3.4012720e+03
   3.2426709e+03
   3.0997096e+03
   2.9378762e+03
   2.7858244e+03
   2.6252956e+03
   2.4720405e+03
   2.3159098e+03
   2.1573560e+03
   2.0016274e+03
   1.8421186e+03
   1.6738958e+03
   1.5073649e+03
   1.3268692e+03
   1.1636030e+03
   9.9635927e+02
   7.9294788e+02
   5.5357016e+02
   3.6850005e+02
   2.5364280e+02
   1.6576683e+02
   9.7329594e+01
   4.4060095e+01
   1.9143993e+02
   6.4778488e+02
   1.2180887e+03
   1.8383292e+03
   2.4305121e+03
   2.9163134e+03
   3.2710307e+03
   3.4966910e+03
   3.6424690e+03
   3.7172075e+03
   3.8246374e+03
   4.0060298e+03
   4.2320242e+03
   4.4484434e+03
   4.6626629e+03
   4.8238836e+03
   4.9164199e+03
   4.9407568e+03
   4.9236666e+03
   4.8811243e+03
   4.8626279e+03
   4.9204210e+03
   5.0052310e+03
   5.1025518e+03
   5.2046372e+03
   5.2705960e+03
   5.2911264e+03
   5.2701159e+03
   5.2136242e+03
   5.1333222e+03
   5.0911917e+03
   5.1058400e+03
   5.1696495e+03
   5.2479343e+03
   5.3257232e+03
   5.3710421e+03
   5.3777638e+03
   5.3342407e+03
   5.2659197e+03
   5.1864968e+03
   5.1318596e+03
   5.1468317e+03
   5.1966506e+03
   5.2678490e+03
   5.3503024e+03
   5.3995439e+03
   5.3859701e+03
   5.3376495e+03
   5.2717258e+03
   5.1881299e+03
   5.0794192e+03
   4.9631681e+03
   4.8431436e+03
   4.7032480e+03
   4.5611095e+03
   4.4170434e+03
   4.2694144e+03
   4.1217130e+03
   3.9720651e+03
   3.8243257e+03
   3.6686330e+03
   3.5150307e+03
   3.3667515e+03
   3.2080380e+03
   3.0531247e+03
   3.0316648e+03
   3.1999744e+03
   3.4658465e+03
   3.7674241e+03
   4.0593676e+03
   4.2917266e+03
   4.4386492e+03
   4.5129440e+03
   4.5466583e+03
   4.5282863e+03
   4.5491959e+03
   4.6298123e+03
   4.7573670e+03
   4.9044353e+03
   5.0429080e+03
   5.1678236e+03
   5.2827839e+03
   5.3788965e+03
   5.4585292e+03
   5.5296958e+03
   5.5938581e+03
   5.6392264e+03
   5.6784683e+03
   5.7141892e+03
   5.7416716e+03
   5.7580517e+03
   5.7764862e+03
   5.7883114e+03
   5.7976115e+03
   5.8009778e+03
   5.7913153e+03
   5.7470279e+03
   5.6718453e+03
   5.5820918e+03
   5.4706183e+03
   5.3398699e+03
   5.2150760e+03
   5.0705161e+03
   4.9292210e+03
   4.7852558e+03
   4.6289168e+03
   4.4761649e+03
   4.3183198e+03
   4.1645105e+03
   4.0116619e+03
   3.9524668e+03
   4.0381542e+03
   4.2103667e+03
   4.3889738e+03
   4.5879959e+03
   4.7398843e+03
   4.8231311e+03
   4.8510818e+03
   4.8393459e+03
   4.7856548e+03
   4.7849236e+03
   4.8365528e+03
   4.9370199e+03
   5.0490996e+03
   5.1641553e+03
   5.2671780e+03
   5.3640206e+03
   5.4508403e+03
   5.5262953e+03
   5.5800721e+03
   5.5943826e+03
   5.5849743e+03
   5.5421510e+03
   5.4592247e+03
   5.3617903e+03
   5.3016743e+03
   5.2967487e+03
   5.3247404e+03
   5.3774830e+03
   5.4378025e+03
   5.4976392e+03
   5.5540822e+03
   5.5975045e+03
   5.6342262e+03
   5.6690212e+03
   5.6904566e+03
   5.7123677e+03
   5.7362131e+03
   5.7549803e+03
   5.7708923e+03
   5.7577128e+03
   5.7191033e+03
   5.6499765e+03
   5.5538992e+03
   5.4465608e+03
   5.3318053e+03
   5.1984136e+03
   5.0613605e+03
   4.9149077e+03
   4.7679379e+03
   4.6897258e+03
   4.7161513e+03
   4.8037953e+03
   4.9088301e+03
   5.0280218e+03
   5.1524733e+03
   5.2626770e+03
   5.3573234e+03
   5.4416494e+03
   5.5136682e+03
   5.5592692e+03
   5.5563754e+03
   5.5143153e+03
   5.4416280e+03
   5.3392592e+03
   5.2802958e+03
   5.2846102e+03
   5.3266398e+03
   5.3758937e+03
   5.4349314e+03
   5.4741564e+03
   5.4576976e+03
   5.4129541e+03
   5.3335348e+03
   5.2403971e+03
   5.1312752e+03
   5.0036568e+03
   4.8818445e+03
   4.7398735e+03
   4.5953416e+03
   4.5219932e+03
   4.5675496e+03
   4.6767670e+03
   4.8017853e+03
   4.9446092e+03
   5.0499529e+03
   5.0961587e+03
   5.0842243e+03
   5.0469002e+03
   4.9837003e+03
   4.9501866e+03
   4.9859688e+03
   5.0676795e+03
   5.1560922e+03
   5.2542975e+03
   5.3149648e+03
   5.3299586e+03
   5.3013928e+03
   5.2443743e+03
   5.1576337e+03
   5.0539046e+03
   4.9396910e+03
   4.8106651e+03
   4.6855263e+03
   4.5433592e+03
   4.4742309e+03
   4.5267799e+03
   4.6401629e+03
   4.7735572e+03
   4.9215406e+03
   5.0647753e+03
   5.1966131e+03
   5.3090243e+03
   5.4076582e+03
   5.4920140e+03
   5.5362944e+03
   5.5304381e+03
   5.4881101e+03
   5.4217180e+03
   5.3374248e+03
   5.2203184e+03
   5.1094701e+03
   4.9815142e+03
   4.8457028e+03
   4.7048974e+03
   4.5508274e+03
   4.4031621e+03
   4.2485194e+03
   4.0989947e+03
   3.9450837e+03
   3.7812763e+03
   3.6278564e+03
   3.4728911e+03
   3.3150391e+03
   3.1560992e+03
   3.1302813e+03
   3.2817570e+03
   3.5286439e+03
   3.8210299e+03
   4.1068208e+03
   4.3218007e+03
   4.4680100e+03
   4.5423759e+03
   4.5646404e+03
   4.5370423e+03
   4.5579594e+03
   4.6363045e+03
   4.7677263e+03
   4.8987707e+03
   5.0394286e+03
   5.1464480e+03
   5.1818558e+03
   5.1672157e+03
   5.1256017e+03
   5.0485694e+03
   4.9654084e+03
   4.8528881e+03
   4.7342325e+03
   4.6079540e+03
   4.4684478e+03
   4.4068314e+03
   4.4645183e+03
   4.5849719e+03
   4.7327720e+03
   4.8807908e+03
   5.0264065e+03
   5.1578171e+03
   5.2745300e+03
   5.3771661e+03
   5.4633167e+03
   5.5393295e+03
   5.6034782e+03
   5.6492276e+03
   5.6834761e+03
   5.7231677e+03
   5.7209238e+03
   5.6892748e+03
   5.6312524e+03
   5.5379768e+03
   5.4302365e+03
   5.3201104e+03
   5.1854265e+03
   5.0553788e+03
   4.9050216e+03
   4.7542995e+03
   4.6773744e+03
   4.7060229e+03
   4.8019400e+03
   4.9103582e+03
   5.0312386e+03
   5.1545863e+03
   5.2612907e+03
   5.3521928e+03
   5.4402571e+03
   5.5217477e+03
   5.5614352e+03
   5.5573390e+03
   5.5173894e+03
   5.4452105e+03
   5.3425167e+03
   5.2332421e+03
   5.1170632e+03
   4.9856176e+03
   4.8448657e+03
   4.6962050e+03
   4.5546061e+03
   4.4076475e+03
   4.2520454e+03
   4.0951744e+03
   3.9340369e+03
   3.7819566e+03
   3.6323765e+03
   3.4650761e+03
   3.3169448e+03
   3.1516794e+03
   2.9919308e+03
   2.8411441e+03
   2.6732344e+03
   2.5123330e+03
   2.3491901e+03
   2.1877259e+03
   2.0253514e+03
   1.8508647e+03
   1.6816658e+03
   1.5032402e+03
   1.5201734e+03
   1.8173637e+03
   2.2390324e+03
   2.6981892e+03
   3.1538504e+03
   3.5736478e+03
   3.9538053e+03
   4.2859499e+03
   4.5747395e+03
   4.8125693e+03
   4.9834929e+03
   5.0744060e+03
   5.1078789e+03
   5.1013533e+03
   5.0652234e+03
   5.0362696e+03
   5.0773913e+03
   5.1524379e+03
   5.2347978e+03
   5.3216148e+03
   5.3779304e+03
   5.3767489e+03
   5.3436667e+03
   5.2796518e+03
   5.1915388e+03
   5.1398902e+03
   5.1586736e+03
   5.2016846e+03
   5.2656101e+03
   5.3426700e+03
   5.3854391e+03
   5.3878482e+03
   5.3454523e+03
   5.2767987e+03
   5.1850006e+03
   5.1312877e+03
   5.1373553e+03
   5.1908018e+03
   5.2635850e+03
   5.3407188e+03
   5.3888753e+03
   5.3894093e+03
   5.3555906e+03
   5.2722877e+03
   5.1890659e+03
   5.1326362e+03
   5.1425532e+03
   5.1998721e+03
   5.2717743e+03
   5.3461835e+03
   5.4177035e+03
   5.4847913e+03
   5.5505834e+03
   5.6057010e+03
   5.6501069e+03
   5.6598472e+03
   5.6399782e+03
   5.5849328e+03
   5.5000812e+03
   5.3938118e+03
   5.2850870e+03
   5.1491140e+03
   5.0155907e+03
   4.8671189e+03
   4.7212490e+03
   4.6413648e+03
   4.6705481e+03
   4.7675170e+03
   4.8773893e+03
   5.0054693e+03
   5.1304805e+03
   5.2407700e+03
   5.3439140e+03
   5.4322225e+03
   5.4993531e+03
   5.5389221e+03
   5.5349125e+03
   5.4908949e+03
   5.4271656e+03
   5.3249056e+03
   5.2244483e+03
   5.1015374e+03
   4.9768189e+03
   4.8306141e+03
   4.6853544e+03
   4.6120298e+03
   4.6448588e+03
   4.7394848e+03
   4.8591484e+03
   4.9903115e+03
   5.1079956e+03
   5.2221364e+03
   5.3239054e+03
   5.4126666e+03
   5.4788884e+03
   5.5243667e+03
   5.5254591e+03
   5.4843722e+03
   5.4187804e+03
   5.3161305e+03
   5.2599801e+03
   5.2625427e+03
   5.3084141e+03
   5.3588129e+03
   5.4163654e+03
   5.4514655e+03
   5.4397436e+03
   5.3966886e+03
   5.3223960e+03
   5.2193899e+03
   5.1633066e+03
   5.1729592e+03
   5.2163588e+03
   5.2835476e+03
   5.3478660e+03
   5.4159639e+03
   5.4772646e+03
   5.5387590e+03
   5.5924962e+03
   5.6352212e+03
   5.6519387e+03
   5.6276993e+03
   5.5697948e+03
   5.4810210e+03
   5.3867576e+03
   5.2676652e+03
   5.1433419e+03
   4.9992477e+03
   4.8552229e+03
   4.7145963e+03
   4.5634708e+03
   4.4077254e+03
   4.2526560e+03
   4.0937757e+03
   3.9297192e+03
   3.7699084e+03
   3.6153621e+03
   3.4476558e+03
   3.2941602e+03
   3.1301973e+03
   2.9703432e+03
   2.8127687e+03
   2.6452712e+03
   2.4796545e+03
   2.3136878e+03
   2.3093785e+03
   2.5369466e+03
   2.8711320e+03
   3.2489984e+03
   3.6228794e+03
   3.9292980e+03
   4.1210011e+03
   4.2404838e+03
   4.2894877e+03
   4.2937046e+03
   4.3394183e+03
   4.4498069e+03
   4.6007572e+03
   4.7623447e+03
   4.9170981e+03
   5.0600625e+03
   5.1868143e+03
   5.3041569e+03
   5.4019764e+03
   5.4845569e+03
   5.5239850e+03
   5.5129942e+03
   5.4733545e+03
   5.4054408e+03
   5.3153355e+03
   5.2068077e+03
   5.0881310e+03
   4.9492768e+03
   4.8104259e+03
   4.6699095e+03
   4.5245060e+03
   4.3706357e+03
   4.2180774e+03
   4.0527091e+03
   3.8925041e+03
   3.8353525e+03
   3.9284168e+03
   4.1072505e+03
   4.3122442e+03
   4.5198899e+03
   4.7204033e+03
   4.8997628e+03
   5.0580333e+03
   5.1957402e+03
   5.3081333e+03
   5.4043529e+03
   5.4912377e+03
   5.5546875e+03
   5.6057439e+03
   5.6449135e+03
   5.6805219e+03
   5.7097748e+03
   5.7363004e+03
   5.7549272e+03
   5.7669328e+03
   5.7551138e+03
   5.7099002e+03
   5.6342139e+03
   5.5478387e+03
   5.4377848e+03
   5.3556130e+03
   5.3443254e+03
   5.3620620e+03
   5.4073618e+03
   5.4617581e+03
   5.5076685e+03
   5.5525790e+03
   5.5931107e+03
   5.6385470e+03
   5.6801884e+03
   5.7030462e+03
   5.7288374e+03
   5.7464161e+03
   5.7590600e+03
   5.7669096e+03
   5.7595877e+03
   5.7179456e+03
   5.6509639e+03
   5.5543033e+03
   5.4452149e+03
   5.3151133e+03
   5.1813080e+03
   5.0299557e+03
   4.8820065e+03
   4.7389857e+03
   4.6530575e+03
   4.6740137e+03
   4.7656190e+03
   4.8811325e+03
   5.0132945e+03
   5.1005274e+03
   5.1318543e+03
   5.1231902e+03
   5.0716329e+03
   4.9914459e+03
   4.8924264e+03
   4.7858551e+03
   4.6612944e+03
   4.5244423e+03
   4.3812321e+03
   4.3178385e+03
   4.3831048e+03
   4.5001951e+03
   4.6493328e+03
   4.8145752e+03
   4.9638145e+03
   5.1073130e+03
   5.2337942e+03
   5.3343548e+03
   5.4230600e+03
   5.4795086e+03
   5.4863501e+03
   5.4479591e+03
   5.3825681e+03
   5.3008769e+03
   5.2402563e+03
   5.2423819e+03
   5.2904226e+03
   5.3448138e+03
   5.4139559e+03
   5.4790882e+03
   5.5425550e+03
   5.5856504e+03
   5.6277994e+03
   5.6707711e+03
   5.7006691e+03
   5.7219163e+03
   5.7428562e+03
   5.7573206e+03
   5.7659946e+03
   5.7577910e+03
   5.7090595e+03
   5.6417838e+03
   5.5452511e+03
   5.4332889e+03
   5.3437035e+03
   5.3376616e+03
   5.3659008e+03
   5.4157143e+03
   5.4613988e+03
   5.4869427e+03
   5.4660748e+03
   5.4092168e+03
   5.3318098e+03
   5.2376925e+03
   5.1671819e+03
   5.1738866e+03
   5.2252296e+03
   5.2988506e+03
   5.3636192e+03
   5.4293720e+03
   5.4938176e+03
   5.5566948e+03
   5.6072150e+03
   5.6547817e+03
   5.6729861e+03
   5.6489208e+03
   5.5843128e+03
   5.4894335e+03
   5.3852355e+03
   5.2595451e+03
   5.1356519e+03
   4.9928945e+03
   4.8505929e+03
   4.7033475e+03
   4.6164050e+03
   4.6485471e+03
   4.7399752e+03
   4.8609381e+03
   4.9908713e+03
   5.0831798e+03
   5.1167025e+03
   5.1122344e+03
   5.0724905e+03
   4.9911020e+03
   4.9033515e+03
   4.7864347e+03
   4.6640268e+03
   4.5243840e+03
   4.3858343e+03
   4.2366371e+03
   4.0848194e+03
   3.9342448e+03
   3.7808167e+03
   3.6207858e+03
   3.4605385e+03
   3.3024144e+03
   3.1395195e+03
   2.9790840e+03
   2.8114849e+03
   2.7937428e+03
   2.9802497e+03
   3.2605464e+03
   3.5823322e+03
   3.8977448e+03
   4.1598256e+03
   4.3152638e+03
   4.4074076e+03
   4.4303741e+03
   4.4249240e+03
   4.3788182e+03
   4.2999068e+03
   4.2035300e+03
   4.0947540e+03
   3.9725111e+03
   3.8486378e+03
   3.6999319e+03
   3.5570477e+03
   3.4152894e+03
   3.2573203e+03
   3.2305314e+03
   3.3778789e+03
   3.6164156e+03
   3.8979593e+03
   4.1636960e+03
   4.3883736e+03
   4.5235020e+03
   4.5814397e+03
   4.6036453e+03
   4.5746650e+03
   4.5823664e+03
   4.6625591e+03
   4.7847177e+03
   4.9229085e+03
   5.0554585e+03
   5.1438165e+03
   5.1727874e+03
   5.1650463e+03
   5.1208002e+03
   5.0404032e+03
   5.0075797e+03
   5.0349014e+03
   5.1077557e+03
   5.1902930e+03
   5.2775419e+03
   5.3413257e+03
   5.3580458e+03
   5.3130246e+03
   5.2435773e+03
   5.1597027e+03
   5.0498622e+03
   4.9318162e+03
   4.8015712e+03
   4.6572772e+03
   4.5094622e+03
   4.3584781e+03
   4.2029309e+03
   4.0452684e+03
   3.8948635e+03
   3.7272277e+03
   3.6731586e+03
   3.7834607e+03
   3.9787069e+03
   4.1995092e+03
   4.4220742e+03
   4.6488184e+03
   4.8506920e+03
   5.0192536e+03
   5.1648022e+03
   5.2914479e+03
   5.3746463e+03
   5.3949787e+03
   5.3733528e+03
   5.3133818e+03
   5.2364696e+03
   5.1376715e+03
   5.0205018e+03
   4.8882685e+03
   4.7596913e+03
   4.6153245e+03
   4.5404277e+03
   4.5770524e+03
   4.6839506e+03
   4.8246505e+03
   4.9645717e+03
   5.0993878e+03
   5.2181402e+03
   5.3215387e+03
   5.4116212e+03
   5.4978004e+03
   5.5424163e+03
   5.5242983e+03
   5.4810699e+03
   5.4128513e+03
   5.3235182e+03
   5.2053243e+03
   5.0843152e+03
   4.9444419e+03
   4.7974002e+03
   4.6526372e+03
   4.5026497e+03
   4.3503786e+03
   4.1905904e+03
   4.0224939e+03
   3.8652624e+03
   3.8017548e+03
   3.8939123e+03
   4.0775748e+03
   4.2794771e+03
   4.4976822e+03
   4.6704622e+03
   4.7677654e+03
   4.7889549e+03
   4.7800571e+03
   4.7257437e+03
   4.6548561e+03
   4.5649455e+03
   4.4492405e+03
   4.3248973e+03
   4.1932976e+03
   4.0535673e+03
   3.9164106e+03
   3.7556093e+03
   3.6039011e+03
   3.4536205e+03
   3.4023106e+03
   3.5400196e+03
   3.7651481e+03
   4.0167289e+03
   4.2739778e+03
   4.4769248e+03
   4.5872307e+03
   4.6436870e+03
   4.6569735e+03
   4.6209677e+03
   4.5546633e+03
   4.4625857e+03
   4.3642671e+03
   4.2461265e+03
   4.1127088e+03
   3.9738987e+03
   3.8315372e+03
   3.6841088e+03
   3.5319550e+03
   3.3759402e+03
   3.3463118e+03
   3.4833796e+03
   3.7069268e+03
   3.9739481e+03
   4.2313577e+03
   4.4788629e+03
   4.7052521e+03
   4.8988902e+03
   5.0712899e+03
   5.2105120e+03
   5.2976888e+03
   5.3324110e+03
   5.3260246e+03
   5.2744605e+03
   5.1985005e+03
   5.1008823e+03
   4.9925000e+03
   4.8627555e+03
   4.7313023e+03
   4.5907805e+03
   4.4389992e+03
   4.2890934e+03
   4.1351305e+03
   3.9743697e+03
   3.8085707e+03
   3.7522452e+03
   3.8498042e+03
   4.0341665e+03
   4.2425890e+03
   4.4649331e+03
   4.6392304e+03
   4.7396355e+03
   4.7695602e+03
   4.7676789e+03
   4.7159176e+03
   4.7058358e+03
   4.7625552e+03
   4.8682843e+03
   4.9846055e+03
   5.1039430e+03
   5.1936117e+03
   5.2159800e+03
   5.1992857e+03
   5.1514109e+03
   5.0649111e+03
   5.0311443e+03
   5.0599850e+03
   5.1207376e+03
   5.1994546e+03
   5.2821494e+03
   5.3499973e+03
   5.4277385e+03
   5.4986499e+03
   5.5567640e+03
   5.6059154e+03
   5.6320045e+03
   5.6137618e+03
   5.5569252e+03
   5.4700930e+03
   5.3512244e+03
   5.2407209e+03
   5.1090192e+03
   4.9738486e+03
   4.8231047e+03
   4.6698203e+03
   4.5165608e+03
   4.3567946e+03
   4.1947228e+03
   4.0406062e+03
   3.8767127e+03
   3.8190958e+03
   3.9119274e+03
   4.0889133e+03
   4.2969023e+03
   4.5160398e+03
   4.6759944e+03
   4.7570809e+03
   4.7933476e+03
   4.7821266e+03
   4.7299248e+03
   4.7159603e+03
   4.7815855e+03
   4.8859956e+03
   5.0007523e+03
   5.1180247e+03
   5.2273444e+03
   5.3233644e+03
   5.4079186e+03
   5.4761885e+03
   5.5407332e+03
   5.5904443e+03
   5.6392774e+03
   5.6732694e+03
   5.7031988e+03
   5.7199404e+03
   5.7441923e+03
   5.7790889e+03
   5.7900654e+03
   5.7991649e+03
   5.8027891e+03
   5.8146633e+03
   5.8159804e+03
   5.8196286e+03
   5.8202505e+03
   5.8276240e+03
   5.8175645e+03
   5.7500968e+03
   5.6669570e+03
   5.5672032e+03
   5.4484392e+03
   5.3102066e+03
   5.1757553e+03
   5.0310931e+03
   4.8804220e+03
   4.7276876e+03
   4.5660914e+03
   4.4040230e+03
   4.2413186e+03
   4.0836732e+03
   3.9112411e+03
   3.7472303e+03
   3.5859861e+03
   3.4113050e+03
   3.2559930e+03
   3.0845255e+03
   3.0555353e+03
   3.2131485e+03
   3.4614683e+03
   3.7555225e+03
   4.0584171e+03
   4.2880535e+03
   4.4252894e+03
   4.5021585e+03
   4.5153185e+03
   4.5014787e+03
   4.4412005e+03
   4.3615866e+03
   4.2575384e+03
   4.1433941e+03
   4.0176109e+03
   3.9776101e+03
   4.0749004e+03
   4.2361187e+03
   4.4300073e+03
   4.6258219e+03
   4.7755382e+03
   4.8529895e+03
   4.8749027e+03
   4.8476722e+03
   4.8001007e+03
   4.7178367e+03
   4.6136922e+03
   4.4972751e+03
   4.3738425e+03
   4.2346966e+03
   4.0890599e+03
   3.9439522e+03
   3.7908081e+03
   3.6435429e+03
   3.4782073e+03
   3.4339616e+03
   3.5675738e+03
   3.7858474e+03
   4.0364506e+03
   4.2934302e+03
   4.5295934e+03
   4.7360272e+03
   4.9313570e+03
   5.0980919e+03
   5.2271385e+03
   5.3308120e+03
   5.4169748e+03
   5.5013287e+03
   5.5611714e+03
   5.6081265e+03
   5.6512537e+03
   5.6865065e+03
   5.7072212e+03
   5.7198450e+03
   5.7321118e+03
   5.7272869e+03
   5.6900969e+03
   5.6196227e+03
   5.5180582e+03
   5.4041334e+03
   5.2831699e+03
   5.1394392e+03
   4.9988850e+03
   4.8476436e+03
   4.6929187e+03
   4.6039031e+03
   4.6381369e+03
   4.7314505e+03
   4.8521209e+03
   4.9846877e+03
   5.1054678e+03
   5.2270571e+03
   5.3241792e+03
   5.4216828e+03
   5.4983963e+03
   5.5551399e+03
   5.6007920e+03
   5.6359829e+03
   5.6641403e+03
   5.6960877e+03
   5.7283306e+03
   5.6829414e+03
   5.6187905e+03
   5.5238088e+03
   5.4070138e+03
   5.3261624e+03
   5.3164332e+03
   5.3493938e+03
   5.4036796e+03
   5.4571050e+03
   5.5077652e+03
   5.5612707e+03
   5.6092975e+03
   5.6428961e+03
   5.6697382e+03
   5.6788263e+03
   5.6420110e+03
   5.5695652e+03
   5.4704754e+03
   5.3678887e+03
   5.2972431e+03
   5.2844525e+03
   5.3152026e+03
   5.3671125e+03
   5.4290587e+03
   5.4512991e+03
   5.4349617e+03
   5.3879806e+03
   5.3021605e+03
   5.2082415e+03
   5.1478209e+03
   5.1505841e+03
   5.2026028e+03
   5.2569295e+03
   5.3282130e+03
   5.4036491e+03
   5.4744707e+03
   5.5297014e+03
   5.5801219e+03
   5.6314000e+03
   5.6417359e+03
   5.6090251e+03
   5.5553204e+03
   5.4675829e+03
   5.3631428e+03
   5.2948749e+03
   5.2803000e+03
   5.3120010e+03
   5.3576764e+03
   5.4252106e+03
   5.4482240e+03
   5.4377308e+03
   5.3898717e+03
   5.3060804e+03
   5.2099113e+03
   5.0960741e+03
   4.9665176e+03
   4.8249613e+03
   4.6801159e+03
   4.5329762e+03
   4.4618285e+03
   4.5020176e+03
   4.6144163e+03
   4.7567874e+03
   4.8912339e+03
   5.0275607e+03
   5.1502596e+03
   5.2685677e+03
   5.3686617e+03
   5.4473123e+03
   5.4806874e+03
   5.4891607e+03
   5.4483545e+03
   5.3782623e+03
   5.2797076e+03
   5.1727328e+03
   5.0413154e+03
   4.9140748e+03
   4.7672128e+03
   4.6168532e+03
   4.5388617e+03
   4.5852485e+03
   4.6901842e+03
   4.8213952e+03
   4.9549031e+03
   5.0457813e+03
   5.0904402e+03
   5.0745312e+03
   5.0311267e+03
   4.9492830e+03
   4.9140022e+03
   4.9597066e+03
   5.0308412e+03
   5.1224996e+03
   5.2158541e+03
   5.3152652e+03
   5.3961489e+03
   5.4649085e+03
   5.5211745e+03
   5.5784571e+03
   5.6183870e+03
   5.6532375e+03
   5.6805719e+03
   5.7087164e+03
   5.7284980e+03
   5.7193771e+03
   5.6701197e+03
   5.6084517e+03
   5.5165418e+03
   5.4082573e+03
   5.3235362e+03
   5.3203066e+03
   5.3452818e+03
   5.3853341e+03
   5.4324651e+03
   5.4776896e+03
   5.5334116e+03
   5.5780473e+03
   5.6061496e+03
   5.6466389e+03
   5.6755673e+03
   5.6981686e+03
   5.7202857e+03
   5.7335790e+03
   5.7457980e+03
   5.7312167e+03
   5.6965504e+03
   5.6279722e+03
   5.5335972e+03
   5.4117166e+03
   5.3413953e+03
   5.3341434e+03
   5.3612131e+03
   5.4032088e+03
   5.4507919e+03
   5.4715970e+03
   5.4454187e+03
   5.3929757e+03
   5.3157763e+03
   5.2151908e+03
   5.1001329e+03
   4.9637552e+03
   4.8325077e+03
   4.6896437e+03
   4.5313524e+03
   4.4539716e+03
   4.5089388e+03
   4.6194275e+03
   4.7612797e+03
   4.9048372e+03
   5.0204392e+03
   5.0604784e+03
   5.0526802e+03
   5.0089843e+03
   4.9315005e+03
   4.9009211e+03
   4.9314330e+03
   5.0077503e+03
   5.1018528e+03
   5.2061417e+03
   5.2961746e+03
   5.3835761e+03
   5.4644828e+03
   5.5382501e+03
   5.5941216e+03
   5.6121200e+03
   5.5876642e+03
   5.5350383e+03
   5.4454467e+03
   5.3418154e+03
   5.2744148e+03
   5.2681568e+03
   5.2979716e+03
   5.3469941e+03
   5.4095248e+03
   5.4458993e+03
   5.4352823e+03
   5.3813624e+03
   5.2972713e+03
   5.2035116e+03
   5.0846658e+03
   4.9578509e+03
   4.8167575e+03
   4.6753023e+03
   4.5215321e+03
   4.3619523e+03
   4.2056935e+03
   4.0467239e+03
   3.8846513e+03
   3.7248486e+03
   3.6587079e+03
   3.7747635e+03
   3.9668163e+03
   4.1961133e+03
   4.4155806e+03
   4.6074077e+03
   4.7078247e+03
   4.7406422e+03
   4.7354918e+03
   4.6883244e+03
   4.6829539e+03
   4.7425512e+03
   4.8503931e+03
   4.9724413e+03
   5.0882616e+03
   5.1956226e+03
   5.3053172e+03
   5.4013988e+03
   5.4783147e+03
   5.5408186e+03
   5.5820464e+03
   5.5698050e+03
   5.5084937e+03
   5.4217607e+03
   5.3245126e+03
   5.2067701e+03
   5.0750917e+03
   4.9294726e+03
   4.7842038e+03
   4.6383102e+03
   4.5507948e+03
   4.5842316e+03
   4.6778161e+03
   4.8096541e+03
   4.9605842e+03
   5.0798094e+03
   5.1996551e+03
   5.3014543e+03
   5.3920823e+03
   5.4706185e+03
   5.5407753e+03
   5.5896206e+03
   5.6321894e+03
   5.6590366e+03
   5.6820270e+03
   5.6854651e+03
   5.6533678e+03
   5.5855016e+03
   5.4864246e+03
   5.3791144e+03
   5.3037955e+03
   5.2861601e+03
   5.3132129e+03
   5.3618975e+03
   5.4131931e+03
   5.4406845e+03
   5.4202449e+03
   5.3801092e+03
   5.2952950e+03
   5.1990249e+03
   5.0745843e+03
   4.9588914e+03
   4.8155259e+03
   4.6672037e+03
   4.5133934e+03
   4.4427958e+03
   4.4885962e+03
   4.6034512e+03
   4.7360129e+03
   4.8828802e+03
   5.0262315e+03
   5.1549692e+03
   5.2530096e+03
   5.3607283e+03
   5.4440070e+03
   5.5077735e+03
   5.5633597e+03
   5.6116382e+03
   5.6427716e+03
   5.6644221e+03
   5.6830163e+03
   5.7090482e+03
   5.7276467e+03
   5.7369713e+03
   5.7477430e+03
   5.7587504e+03
   5.7604209e+03
   5.7634054e+03
   5.7679145e+03
   5.7710059e+03
   5.7818176e+03
   5.7751506e+03
   5.7783978e+03
   5.7819761e+03
   5.7877935e+03
   5.7687601e+03
   5.7223867e+03
   5.6444496e+03
   5.5494908e+03
   5.4171150e+03
   5.3336161e+03
   5.3056921e+03
   5.3312414e+03
   5.3763500e+03
   5.4256586e+03
   5.4478364e+03
   5.4248940e+03
   5.3782044e+03
   5.3044968e+03
   5.1996068e+03
   5.1360291e+03
   5.1453843e+03
   5.1892164e+03
   5.2524276e+03
   5.3303894e+03
   5.3944149e+03
   5.4567113e+03
   5.5153848e+03
   5.5645391e+03
   5.6046409e+03
   5.6199829e+03
   5.5937035e+03
   5.5342972e+03
   5.4459950e+03
   5.3322619e+03
   5.2590066e+03
   5.2599121e+03
   5.2910930e+03
   5.3452618e+03
   5.4018403e+03
   5.4575799e+03
   5.5099423e+03
   5.5549834e+03
   5.6019519e+03
   5.6383670e+03
   5.6412953e+03
   5.6088889e+03
   5.5447497e+03
   5.4501164e+03
   5.3474600e+03
   5.2585599e+03
   5.2659693e+03
   5.2974734e+03
   5.3424081e+03
   5.3991963e+03
   5.4303994e+03
   5.4087294e+03
   5.3533628e+03
   5.2795772e+03
   5.1784597e+03
   5.0607352e+03
   4.9244119e+03
   4.7930775e+03
   4.6519831e+03
   4.4960533e+03
   4.3388155e+03
   4.1813585e+03
   4.0271601e+03
   3.8551517e+03
   3.6932699e+03
   3.5335164e+03
   3.3627328e+03
   3.2005935e+03
   3.0288755e+03
   2.8610326e+03
   2.6880449e+03
   2.5205021e+03
   2.3461068e+03
   2.1777220e+03
   2.0075328e+03
   2.0030460e+03
   2.2546407e+03
   2.6196535e+03
   3.0244173e+03
   3.4328659e+03
   3.7540500e+03
   3.9707902e+03
   4.1007190e+03
   4.1667067e+03
   4.1772056e+03
   4.1466735e+03
   4.0852901e+03
   3.9993031e+03
   3.8960905e+03
   3.7822851e+03
   3.6458015e+03
   3.5083461e+03
   3.3691904e+03
   3.2148801e+03
   3.0597753e+03
   2.9095674e+03
   2.7457149e+03
   2.5805500e+03
   2.4135533e+03
   2.2487368e+03
   2.2418806e+03
   2.4734976e+03
   2.8139341e+03
   3.1886103e+03
   3.5689210e+03
   3.9292629e+03
   4.2363363e+03
   4.5070325e+03
   4.7441868e+03
   4.9513944e+03
   5.1217888e+03
   5.2540659e+03
   5.3688197e+03
   5.4552992e+03
   5.5240767e+03
   5.5519895e+03
   5.5404153e+03
   5.4938031e+03
   5.4240594e+03
   5.3174046e+03
   5.2015412e+03
   5.0686600e+03
   4.9430142e+03
   4.7887580e+03
   4.6330063e+03
   4.5478395e+03
   4.5877577e+03
   4.6842665e+03
   4.7992530e+03
   4.9349007e+03
   5.0618839e+03
   5.1705429e+03
   5.2711567e+03
   5.3747375e+03
   5.4538364e+03
   5.5229988e+03
   5.5653155e+03
   5.6077489e+03
   5.6433151e+03
   5.6645969e+03
   5.6607622e+03
   5.6303143e+03
   5.5648179e+03
   5.4813986e+03
   5.3600697e+03
   5.2437505e+03
   5.1046908e+03
   4.9727531e+03
   4.8152495e+03
   4.6603780e+03
   4.5757767e+03
   4.6092378e+03
   4.7057579e+03
   4.8251017e+03
   4.9618510e+03
   5.0507028e+03
   5.0903326e+03
   5.0683917e+03
   5.0280812e+03
   4.9468120e+03
   4.8565339e+03
   4.7425256e+03
   4.6085573e+03
   4.4703251e+03
   4.3263377e+03
   4.1728201e+03
   4.0147558e+03
   3.8601537e+03
   3.7043963e+03
   3.5350088e+03
   3.4897561e+03
   3.6111584e+03
   3.8321208e+03
   4.0661822e+03
   4.3126725e+03
   4.5103791e+03
   4.6123921e+03
   4.6654946e+03
   4.6539515e+03
   4.6227807e+03
   4.5470433e+03
   4.4554009e+03
   4.3436085e+03
   4.2190256e+03
   4.0835318e+03
   4.0354474e+03
   4.1327698e+03
   4.2770002e+03
   4.4616625e+03
   4.6553372e+03
   4.8346901e+03
   4.9931282e+03
   5.1265345e+03
   5.2481737e+03
   5.3558192e+03
   5.4318718e+03
   5.4905502e+03
   5.5495503e+03
   5.6058330e+03
   5.6480580e+03
   5.6820855e+03
   5.7097514e+03
   5.7336442e+03
   5.7439888e+03
   5.7531629e+03
   5.7346513e+03
   5.6938136e+03
   5.6242565e+03
   5.5184063e+03
   5.4026200e+03
   5.2777008e+03
   5.1350230e+03
   4.9883320e+03
   4.8440302e+03
   4.6796549e+03
   4.5181818e+03
   4.3548317e+03
   4.1882847e+03
   4.0257465e+03
   3.8606490e+03
   3.6868280e+03
   3.5245791e+03
   3.3505631e+03
   3.1941057e+03
   3.0180031e+03
   2.9831723e+03
   3.1416721e+03
   3.4071927e+03
   3.6950635e+03
   4.0033493e+03
   4.2879810e+03
   4.5377507e+03
   4.7540682e+03
   4.9360644e+03
   5.0992389e+03
   5.2089367e+03
   5.2538270e+03
   5.2591839e+03
   5.2191445e+03
   5.1311724e+03
   5.0896826e+03
   5.1183747e+03
   5.1736798e+03
   5.2398643e+03
   5.3135604e+03
   5.3949203e+03
   5.4624510e+03
   5.5214140e+03
   5.5712959e+03
   5.6169934e+03
   5.6330031e+03
   5.5985129e+03
   5.5314802e+03
   5.4500640e+03
   5.3394576e+03
   5.2164665e+03
   5.0761001e+03
   4.9451529e+03
   4.7891367e+03
   4.6337339e+03
   4.4703216e+03
   4.3105171e+03
   4.1496244e+03
   3.9845375e+03
   3.8267435e+03
   3.7641890e+03
   3.8599222e+03
   4.0359803e+03
   4.2549555e+03
   4.4780455e+03
   4.6820165e+03
   4.8604690e+03
   5.0177502e+03
   5.1659766e+03
   5.2886890e+03
   5.3576200e+03
   5.3800040e+03
   5.3565762e+03
   5.3030563e+03
   5.2084086e+03
   5.1547416e+03
   5.1770263e+03
   5.2184174e+03
   5.2826287e+03
   5.3501119e+03
   5.3971611e+03
   5.3884984e+03
   5.3422897e+03
   5.2577878e+03
   5.1685036e+03
   5.0486458e+03
   4.9256064e+03
   4.7833897e+03
   4.6342624e+03
   4.4833633e+03
   4.4152113e+03
   4.4587578e+03
   4.5840660e+03
   4.7204060e+03
   4.8710220e+03
   5.0169709e+03
   5.1449951e+03
   5.2560083e+03
   5.3567126e+03
   5.4378189e+03
   5.5106285e+03
   5.5698558e+03
   5.6192105e+03
   5.6517393e+03
   5.6850952e+03
   5.6827142e+03
   5.6491860e+03
   5.5789443e+03
   5.4876740e+03
   5.3643122e+03
   5.2917348e+03
   5.2865356e+03
   5.3198919e+03
   5.3673820e+03
   5.4196950e+03
   5.4724429e+03
   5.5219296e+03
   5.5639429e+03
   5.6023938e+03
   5.6347165e+03
   5.6688866e+03
   5.6980455e+03
   5.7095537e+03
   5.7312826e+03
   5.7453950e+03
   5.7548640e+03
   5.7616906e+03
   5.7662638e+03
   5.7726955e+03
   5.7726497e+03
   5.7478946e+03
   5.6991122e+03
   5.6231225e+03
   5.5238551e+03
   5.4028241e+03
   5.2778211e+03
   5.1316715e+03
   4.9851024e+03
   4.8343563e+03
   4.6726685e+03
   4.5856032e+03
   4.6284269e+03
   4.7100422e+03
   4.8336090e+03
   4.9670548e+03
   5.0566076e+03
   5.0943685e+03
   5.0724115e+03
   5.0310564e+03
   4.9458287e+03
   4.8534693e+03
   4.7333390e+03
   4.6062377e+03
   4.4648273e+03
   4.3154730e+03
   4.1658285e+03
   4.0120276e+03
   3.8538908e+03
   3.6950411e+03
   3.5282700e+03
   3.3707288e+03
   3.1985979e+03
   3.0285035e+03
   2.8708072e+03
   2.6988635e+03
   2.5272696e+03
   2.3575342e+03
   2.1869792e+03
   2.0080876e+03
   1.8379126e+03
   1.6597571e+03
   1.4680512e+03
   1.2891111e+03
   1.1047493e+03
   9.1707687e+02
   6.6824549e+02
   4.4526344e+02
   3.0303458e+02
   2.0422805e+02
   1.2730321e+02
   2.5882934e+02
   7.0580874e+02
   1.2694092e+03
   1.8877324e+03
   2.4743669e+03
   3.0170576e+03
   3.4928037e+03
   3.9073324e+03
   4.2591235e+03
   4.5549737e+03
   4.7721012e+03
   4.9064056e+03
   4.9595372e+03
   4.9744845e+03
   4.9485992e+03
   4.8832478e+03
   4.7947167e+03
   4.6943613e+03
   4.5663178e+03
   4.4371337e+03
   4.3003826e+03
   4.1542399e+03
   4.0042481e+03
   3.8587552e+03
   3.6921761e+03
   3.6464088e+03
   3.7549958e+03
   3.9508935e+03
   4.1745731e+03
   4.4031294e+03
   4.6219972e+03
   4.8179492e+03
   4.9971596e+03
   5.1495166e+03
   5.2750474e+03
   5.3760875e+03
   5.4607039e+03
   5.5309855e+03
   5.5882556e+03
   5.6307969e+03
   5.6482662e+03
   5.6159878e+03
   5.5599208e+03
   5.4780300e+03
   5.3702844e+03
   5.2525731e+03
   5.1084123e+03
   4.9652273e+03
   4.8176494e+03
   4.6578362e+03
   4.5722518e+03
   4.6111897e+03
   4.6987841e+03
   4.8234698e+03
   4.9536905e+03
   5.0534415e+03
   5.0958321e+03
   5.0771205e+03
   5.0323854e+03
   4.9458761e+03
   4.9173250e+03
   4.9484474e+03
   5.0210785e+03
   5.1177944e+03
   5.2218253e+03
   5.2815060e+03
   5.2900502e+03
   5.2518863e+03
   5.1884545e+03
   5.1055137e+03
   5.0446317e+03
   5.0651103e+03
   5.1284943e+03
   5.2033949e+03
   5.2802137e+03
   5.3602110e+03
   5.4359201e+03
   5.4983620e+03
   5.5436991e+03
   5.5903932e+03
   5.6125417e+03
   5.5818891e+03
   5.5202365e+03
   5.4374066e+03
   5.3362932e+03
   5.2591361e+03
   5.2532802e+03
   5.2892610e+03
   5.3404624e+03
   5.4031751e+03
   5.4352085e+03
   5.4054540e+03
   5.3583848e+03
   5.2837386e+03
   5.1741783e+03
   5.1143975e+03
   5.1335252e+03
   5.1763129e+03
   5.2389884e+03
   5.3131325e+03
   5.3910614e+03
   5.4521186e+03
   5.5075492e+03
   5.5669521e+03
   5.6136335e+03
   5.6397172e+03
   5.6710278e+03
   5.6944177e+03
   5.7183830e+03
   5.7350401e+03
   5.7483259e+03
   5.7668170e+03
   5.7844265e+03
   5.7880872e+03
   5.7900720e+03
   5.7701982e+03
   5.7170538e+03
   5.6309172e+03
   5.5243851e+03
   5.4047576e+03
   5.3274187e+03
   5.3050373e+03
   5.3264011e+03
   5.3623346e+03
   5.4087593e+03
   5.4668242e+03
   5.5232565e+03
   5.5652793e+03
   5.6095828e+03
   5.6378069e+03
   5.6699534e+03
   5.6979283e+03
   5.7151129e+03
   5.7231571e+03
   5.7362461e+03
   5.7424296e+03
   5.7586788e+03
   5.7762479e+03
   5.7819312e+03
   5.7904151e+03
   5.7778079e+03
   5.7280367e+03
   5.6396271e+03
   5.5403286e+03
   5.4237994e+03
   5.3298116e+03
   5.3181994e+03
   5.3425452e+03
   5.3841382e+03
   5.4342633e+03
   5.4815194e+03
   5.5228410e+03
   5.5674481e+03
   5.6070365e+03
   5.6429081e+03
   5.6558868e+03
   5.6233252e+03
   5.5606027e+03
   5.4557783e+03
   5.3448350e+03
   5.2727689e+03
   5.2628356e+03
   5.2964255e+03
   5.3459881e+03
   5.4049240e+03
   5.4393294e+03
   5.4265599e+03
   5.3721977e+03
   5.2901947e+03
   5.1923634e+03
   5.0638114e+03
   4.9428834e+03
   4.8007870e+03
   4.6537332e+03
   4.5004468e+03
   4.4213575e+03
   4.4738054e+03
   4.5807634e+03
   4.7176589e+03
   4.8638403e+03
   4.9652715e+03
   5.0141216e+03
   5.0011389e+03
   4.9621059e+03
   4.8874663e+03
   4.8007887e+03
   4.6842950e+03
   4.5625894e+03
   4.4266959e+03
   4.2827823e+03
   4.1367569e+03
   3.9834543e+03
   3.8317306e+03
   3.6683571e+03
   3.5068145e+03
   3.3475208e+03
   3.1797913e+03
   3.0115595e+03
   2.8500030e+03
   2.6850485e+03
   2.5189456e+03
   2.3492280e+03
   2.1698126e+03
   1.9927386e+03
   1.8255596e+03
   1.8273490e+03
   2.0956873e+03
   2.4796651e+03
   2.9016216e+03
   3.3281419e+03
   3.6692625e+03
   3.9023501e+03
   4.0388319e+03
   4.1060384e+03
   4.1303697e+03
   4.1784086e+03
   4.3076167e+03
   4.4814928e+03
   4.6647140e+03
   4.8354198e+03
   4.9572365e+03
   5.0134119e+03
   5.0205928e+03
   4.9888852e+03
   4.9247497e+03
   4.8316555e+03
   4.7324344e+03
   4.6011790e+03
   4.4693095e+03
   4.3254508e+03
   4.1773947e+03
   4.0261233e+03
   3.8747292e+03
   3.7071407e+03
   3.5461109e+03
   3.5079321e+03
   3.6250347e+03
   3.8284776e+03
   4.0783308e+03
   4.3281759e+03
   4.5510681e+03
   4.7557667e+03
   4.9406140e+03
   5.1009587e+03
   5.2363977e+03
   5.3513908e+03
   5.4496063e+03
   5.5247198e+03
   5.5824619e+03
   5.6368896e+03
   5.6527166e+03
   5.6175396e+03
   5.5593577e+03
   5.4745282e+03
   5.3682126e+03
   5.2980742e+03
   5.2869624e+03
   5.3182522e+03
   5.3602889e+03
   5.4165052e+03
   5.4516530e+03
   5.4262650e+03
   5.3791829e+03
   5.3012196e+03
   5.1872522e+03
   5.0765677e+03
   4.9406468e+03
   4.7983149e+03
   4.6573124e+03
   4.5031425e+03
   4.3435185e+03
   4.1849033e+03
   4.0206470e+03
   3.8490902e+03
   3.6868484e+03
   3.6343373e+03
   3.7401907e+03
   3.9309601e+03
   4.1596734e+03
   4.3971601e+03
   4.6223437e+03
   4.8164222e+03
   4.9889404e+03
   5.1368580e+03
   5.2693735e+03
   5.3535423e+03
   5.3744636e+03
   5.3556399e+03
   5.3048363e+03
   5.2157852e+03
   5.1654348e+03
   5.1796256e+03
   5.2238958e+03
   5.2833739e+03
   5.3590906e+03
   5.4246124e+03
   5.4871972e+03
   5.5436264e+03
   5.5953923e+03
   5.6409393e+03
   5.6791157e+03
   5.7086346e+03
   5.7295280e+03
   5.7404647e+03
   5.7642030e+03
   5.7744331e+03
   5.7913233e+03
   5.8023691e+03
   5.8083632e+03
   5.8122169e+03
   5.7876996e+03
   5.7351145e+03
   5.6535746e+03
   5.5406900e+03
   5.4203937e+03
   5.2945026e+03
   5.1468460e+03
   4.9966734e+03
   4.8394899e+03
   4.6755023e+03
   4.5141410e+03
   4.3491268e+03
   4.1822224e+03
   4.0173665e+03
   3.8533975e+03
   3.6801189e+03
   3.5138649e+03
   3.3425628e+03
   3.1826813e+03
   3.0083939e+03
   2.8362838e+03
   2.6650893e+03
   2.4972140e+03
   2.3211004e+03
   2.1513227e+03
   2.1421374e+03
   2.3784354e+03
   2.7316608e+03
   3.1327215e+03
   3.5226995e+03
   3.8411668e+03
   4.0403019e+03
   4.1668005e+03
   4.2174057e+03
   4.2234761e+03
   4.1912591e+03
   4.1261226e+03
   4.0398026e+03
   3.9297308e+03
   3.8072606e+03
   3.7768809e+03
   3.8932255e+03
   4.0788151e+03
   4.2961480e+03
   4.5052701e+03
   4.6756843e+03
   4.7681289e+03
   4.7932702e+03
   4.7768665e+03
   4.7224960e+03
   4.7132350e+03
   4.7648763e+03
   4.8668956e+03
   4.9886126e+03
   5.1119145e+03
   5.1980612e+03
   5.2185765e+03
   5.1875988e+03
   5.1335490e+03
   5.0451350e+03
   4.9970437e+03
   5.0294358e+03
   5.0924228e+03
   5.1743955e+03
   5.2688010e+03
   5.3290861e+03
   5.3297486e+03
   5.3003704e+03
   5.2202296e+03
   5.1289175e+03
   5.0774547e+03
   5.0990485e+03
   5.1513036e+03
   5.2283146e+03
   5.3106958e+03
   5.3932004e+03
   5.4691876e+03
   5.5304149e+03
   5.5900048e+03
   5.6264969e+03
   5.6616295e+03
   5.7003978e+03
   5.7324556e+03
   5.7569088e+03
   5.7645771e+03
   5.7506926e+03
   5.7095535e+03
   5.6306340e+03
   5.5308022e+03
   5.4103864e+03
   5.3354242e+03
   5.3226450e+03
   5.3443609e+03
   5.3911695e+03
   5.4437863e+03
   5.4675370e+03
   5.4442577e+03
   5.3884350e+03
   5.3129037e+03
   5.2095735e+03
   5.0877671e+03
   4.9554848e+03
   4.8118468e+03
   4.6627567e+03
   4.5109252e+03
   4.3564478e+03
   4.1924076e+03
   4.0237792e+03
   3.8621704e+03
   3.6985691e+03
   3.5263586e+03
   3.3602871e+03
   3.1913620e+03
   3.0272222e+03
